query,true_answer,reasoning,model_answer,knowledge_accuracy,reasoning_accuracy,final_answer_accuracy
以粗镍为原料制备高纯镍。,"在 ${50} \sim {100}{}^{ \circ }\mathrm{C}$ 条件下,使粗 $\mathrm{{Ni}}$ 粉末与 $\mathrm{{CO}}$ 反应生成液态的 ${\left\lbrack \mathrm{{Ni}}\left( \mathrm{{CO}}\right) \right\rbrack }_{4}$ ,分离后将 ${\left\lbrack \mathrm{{Ni}}\left( \mathrm{{CO}}\right) \right\rbrack }_{4}$ 在 ${200}{}^{ \circ }\mathrm{C}$ 加热分解,即得到高纯 $\mathrm{{Ni}}$ :

$$
\mathrm{{Ni}}\left( \mathrm{s}\right) + 4\mathrm{{CO}}\left( \mathrm{g}\right) \xrightarrow[]{{50} \sim {100}{}^{ \circ }\mathrm{C}}{\left\lbrack \mathrm{{Ni}}\left( \mathrm{{CO}}\right) \right\rbrack }_{4}\left( \mathrm{l}\right)
$$

$$
{\left\lbrack \mathrm{{Ni}}\left( \mathrm{{CO}}\right) \right\rbrack }_{4}\left( \mathrm{l}\right) = \frac{{200}{}^{ \circ }\mathrm{C}}{}\mathrm{{Ni}}\left( \mathrm{s}\right) + 4\mathrm{{CO}}\left( \mathrm{g}\right)
$$
","：  
粗镍是工业上初步提纯的镍，通常含有杂质元素（如铜、铁、硫、碳及其他金属杂质），为了进一步制备高纯镍，需要采用适用于镍的提纯方法。目前常用的方法是**蒙德法**（Mond Process），也叫**电解镍提纯法**。蒙德法的核心原理是利用镍与一氧化碳（CO）在特定条件下生成挥发性化合物四羰基镍（Ni(CO)4）的反应特点。该化合物可以在高温下分解还原成纯镍，从而分离杂质。具体步骤如下：  

1. **原料处理**：将粗镍经过破碎后反应，除去明显的多余杂质。  
2. **羰基化过程**：将一氧化碳导入粗镍原料中，在适当的温度和压力下，镍与CO反应生成挥发性的四羰基镍：[Ni + 4CO → Ni(CO)4]。其他杂质一般不参与此反应。  
3. **分离杂质**：由于四羰基镍是气态分子，可通过冷凝将其与不挥发的杂质分离。  
4. **热分解纯化**：将四羰基镍加热至高温（约200℃），它会分解释放出纯镍和CO：[Ni(CO)4 → Ni + 4CO]。得到的镍是高纯度金属镍。  

此外，有时也可进行电解精炼，通过将粗镍作为阳极，高纯度镍作为阴极，以硫酸镍溶液作为电解液，通过电化学沉积过程中有效去除杂质元素。  

综上，蒙德法是制备高纯镍的经典方法，因为其专一性强、提纯效率高。",：蒙德法,N/A,N/A,N/A
"如何鉴别分别含有 ${\mathrm{{Fe}}}^{3 + },{\mathrm{{Co}}}^{2 + }$ 和 ${\mathrm{{Ni}}}^{2 + }$ 的溶液?"," ${\mathrm{{Fe}}}^{3 + }$ 的鉴别:

(1) 与 KSCN 作用产生血红色:

$$
{\mathrm{{Fe}}}^{3 + } + n{\mathrm{{SCN}}}^{ - } = {\left\lbrack \mathrm{{Fe}}{\left( \mathrm{{SCN}}\right) }_{n}\right\rbrack }^{3 \sim n}\text{(血红色)}
$$

（2）与黄血盐 ${\mathrm{K}}_{4}\left\lbrack {\mathrm{{Fe}}{\left( \mathrm{{CN}}\right) }_{6}}\right\rbrack$ 作用产生蓝色沉淀:

$$
{\mathrm{K}}^{ + } + {\mathrm{{Fe}}}^{3 + } + {\left\lbrack \mathrm{{Fe}}{\left( \mathrm{{CN}}\right) }_{6}\right\rbrack }^{4 - } = \mathrm{K}\left\lbrack {\mathrm{{FeFe}}{\left( \mathrm{{CN}}\right) }_{6}}\right\rbrack \downarrow \text{(蓝色)}
$$

${\mathrm{{Co}}}^{2 + }$ 的鉴别:

加入饱和 KSCN 溶液及丙酮 (或乙醚), 在丙酮 (或乙醚) 层中产生蓝色:

$$
{\mathrm{{Co}}}^{2 + } + 4{\mathrm{{SCN}}}^{ - } = {\left\lbrack \mathrm{{Co}}{\left( \mathrm{{SCN}}\right) }_{4}\right\rbrack }^{2 - }\text{(在丙酮或乙醚中形成稳定的蓝色)}
$$

若防止 ${\mathrm{{Fe}}}^{3 + }$ 千扰 ${\mathrm{{Co}}}^{2 + }$ 的鉴别,可加入 $\mathrm{{NaF}}$ 或 ${\mathrm{{NH}}}_{4}\mathrm{\;F}$ 掩蔽 ${\mathrm{{Fe}}}^{3 + }$ 。

${\mathrm{{Ni}}}^{2 + }$ 的鉴别:

向溶液中滴加丁二酮肟,生成鲜红色沉淀,表示有 ${\mathrm{{Ni}}}^{2 + }$ 存在。

若溶液中含有 ${\mathrm{{Fe}}}^{3 + }$ 及 ${\mathrm{{Co}}}^{2 + }$ ,则可用氨水调至碱性,有 $\mathrm{{Fe}}{\left( \mathrm{{OH}}\right) }_{3}$ 析出, ${\mathrm{{Co}}}^{2 + }$ 和 ${\mathrm{{Ni}}}^{2 + }$ 在氨

水过量时生成 ${\left\lbrack \mathrm{{Co}}{\left( {\mathrm{{NH}}}_{3}\right) }_{6}\right\rbrack }^{2 + }$ 和 ${\left\lbrack \mathrm{{Ni}}{\left( {\mathrm{{NH}}}_{3}\right) }_{6}\right\rbrack }^{2 + }$ ,离心分离除去沉淀; ${\mathrm{{Co}}}^{2 + }$ 不与丁二酮肟反应, 对实验无影响。
","：
为了鉴别含有 \({\mathrm{Fe}}^{3+}\), \({\mathrm{Co}}^{2+}\) 和 \({\mathrm{Ni}}^{2+}\) 的溶液，可以利用它们的氧化还原性质、生成不溶性化合物的特性和颜色变化等。

1. **\({\mathrm{Fe}}^{3+}\)的鉴别**：
   - \({\mathrm{Fe}}^{3+}\) 离子与硫氰酸钾（KSCN）反应生成深红色的 \(\mathrm{Fe(SCN)}^{2+}\) 络合离子。可以通过加入硫氰酸钾来鉴别 \({\mathrm{Fe}}^{3+}\) 离子。
   
2. **\({\mathrm{Co}}^{2+}\)的鉴别**：
   - \({\mathrm{Co}}^{2+}\)在氨水中会变为粉红色的 \([{\mathrm{Co(NH}_3)_6}]^{2+}\) 络合物。进一步，可以通过加入过量的氨水，观察颜色变化来鉴别 \({\mathrm{Co}}^{2+}\) 离子。
   
3. **\({\mathrm{Ni}}^{2+}\)的鉴别**：
   - \({\mathrm{Ni}}^{2+}\) 离子在加氨水后生成蓝绿色的 \([{\mathrm{Ni(NH}_3)_6}]^{2+}\) 络合物，与 \({\mathrm{Co}}^{2+}\) 生成的络合物颜色不同，可以利用这个特性进行识别。
   - 还可以使用二甲基乙二醇和氨水，与 \({\mathrm{Ni}}^{2+}\) 反应生成桃红色沉淀，这是一种特异性较好的方法。

4. **实验步骤**：
   - 取三份溶液，分别添加硫氰酸钾检测 \({\mathrm{Fe}}^{3+}\)；加入氨水检测 \({\mathrm{Co}}^{2+}\)和\({\mathrm{Ni}}^{2+}\)，根据颜色判断；或者利用二甲基乙二醇检测 \({\mathrm{Ni}}^{2+}\) 的颜色变化。",：利用硫氰酸钾检测 \({\mathrm{Fe}}^{3+}\) 生成深红色溶液；加入氨水，\({\mathrm{Co}}^{2+}\) 生成粉红色 \([{\mathrm{Co(NH}_3)_6}]^{2+}\)，\({\mathrm{Ni}}^{2+}\) 生成蓝绿色 \([{\mathrm{Ni(NH}_3)_6}]^{2+}\)。,N/A,N/A,N/A
鉴别下列物质:${\mathrm{{NiSO}}}_{4}$ 和 ${\mathrm{{FeSO}}}_{4}$," 将样品溶于水, 向两种溶液中滴加 $\mathrm{{NaOH}}$ 溶液,生成灰绿色沉淀并逐渐变成红棕色的是 ${\mathrm{{FeSO}}}_{4}$ :

$$
{\mathrm{{Fe}}}^{2 + } + 2{\mathrm{{OH}}}^{ - } = \mathrm{{Fe}}{\left( \mathrm{{OH}}\right) }_{2} \downarrow
$$

$$
4\mathrm{{Fe}}{\left( \mathrm{{OH}}\right) }_{2} + {\mathrm{O}}_{2} + 2{\mathrm{H}}_{2}\mathrm{O} = 4\mathrm{{Fe}}{\left( \mathrm{{OH}}\right) }_{3}
$$

生成绿色沉淀,且不变色的为 ${\mathrm{{NiSO}}}_{4}$ ,进一步确认可加入氨水,该沉淀溶于氨水:

$$
{\mathrm{{Ni}}}^{2 + } + 2{\mathrm{{OH}}}^{ - } = \mathrm{{Ni}}{\left( \mathrm{{OH}}\right) }_{2} \downarrow
$$

$$
\mathrm{{Ni}}{\left( \mathrm{{OH}}\right) }_{2} + 6{\mathrm{{NH}}}_{3} \cdot {\mathrm{H}}_{2}\mathrm{O} = {\left\lbrack \mathrm{{Ni}}{\left( {\mathrm{{NH}}}_{3}\right) }_{6}\right\rbrack }^{2 + } + 2{\mathrm{{OH}}}^{ - } + 6{\mathrm{H}}_{2}\mathrm{O}
$$
","：  
硫酸镍（${\mathrm{NiSO}}_4$）和硫酸亚铁（${\mathrm{FeSO}}_4$）都是过渡金属的硫酸盐，且溶于水后的外观相似，均呈现淡绿色溶液。因此，直接通过观察颜色难以区分两者。为此，可以利用两种金属离子（${\mathrm{Ni}}^{2+}$ 和 ${\mathrm{Fe}}^{2+}$）的特性进行鉴别，具体步骤如下：  

1. **利用氧化还原性质**：  
   ${\mathrm{Fe}}^{2+}$ 离子具有还原性，在空气中容易被氧化成 ${\mathrm{Fe}}^{3+}$：
   \[
   4 {\mathrm{Fe}}^{2+} + \mathrm{O_2} + 4\mathrm{H^+} \rightarrow 4 {\mathrm{Fe}}^{3+} + 2 \mathrm{H_2O}
   \]
   而 ${\mathrm{Ni}}^{2+}$ 离子较为稳定，不容易氧化。因此，暴露在空气中的较长时间后，硫酸亚铁溶液会变混浊，生成棕黄色的氢氧化铁沉淀。

2. **利用沉淀反应**：  
   加入氨水（${\mathrm{NH}}_3·\mathrm{H_2O}$），两者会发生不同的反应。  
   - ${\mathrm{Ni}}^{2+}$ 离子和氨水反应形成浅绿色至蓝色的氢氧化镍沉淀：
     \[
     \mathrm{Ni^{2+} + 2OH^- \rightarrow Ni(OH)_2 \downarrow}
     \]
     加过量氨水后，氢氧化镍可溶解，生成深蓝色的四氨合镍(II)配合物：
     \[
     \mathrm{Ni(OH)_2 + 6NH_3 \rightarrow [Ni(NH_3)_6]^{2+} \ (深蓝色)}
     \]
   - ${\mathrm{Fe}}^{2+}$ 离子和氨水反应生成灰绿色的氢氧化亚铁沉淀：
     \[
     \mathrm{Fe^{2+} + 2OH^- \rightarrow Fe(OH)_2 \downarrow}
     \]
     但 ${\mathrm{Fe(OH)}}_2$ 易被氧化成棕色的 ${\mathrm{Fe(OH)}}_3$，因此，最后溶液呈棕黄色。

3. **利用特殊显色反应**：  
   用二苯碳酰二腙（丁二酮肟）试剂可以检测 ${\mathrm{Ni}}^{2+}$ 离子，生成血红色的螯合物，而 ${\mathrm{Fe}}^{2+}$ 离子无此反应。据此，可直接区分两者。",：二苯碳酰二腙检测或加氨水沉淀形成的颜色变化等方法均可用作判别依据。,N/A,N/A,N/A
鉴别下列物质: ${\mathrm{{Fe}}}_{2}{\mathrm{O}}_{3}$ 和 $\mathrm{{CuO}}$,"将样品溶于稀盐酸, 后向其中滴加氨水, 先生成浅蓝色沉淀, 后沉淀溶解生成蓝色溶液的是 $\mathrm{{CuO}}$ :

$$
\mathrm{{CuO}} + 2\mathrm{{HCl}} = {\mathrm{{CuCl}}}_{2} + {\mathrm{H}}_{2}\mathrm{O}
$$

$$
{\mathrm{{CuCl}}}_{2} + 2{\mathrm{{NH}}}_{3} \cdot {\mathrm{H}}_{2}\mathrm{O} = \mathrm{{Cu}}{\left( \mathrm{{OH}}\right) }_{2} \downarrow + 2{\mathrm{{NH}}}_{4}\mathrm{{Cl}}
$$

$$
\mathrm{{Cu}}{\left( \mathrm{{OH}}\right) }_{2} + 4{\mathrm{{NH}}}_{3} \cdot {\mathrm{H}}_{2}\mathrm{O} = {\left\lbrack \mathrm{{Cu}}{\left( {\mathrm{{NH}}}_{3}\right) }_{4}\right\rbrack }^{2 + } + 2{\mathrm{{OH}}}^{ - } + 4{\mathrm{H}}_{2}\mathrm{O}
$$

加入氨水,生成红棕色沉淀的是 ${\mathrm{{Fe}}}_{2}{\mathrm{O}}_{3}$ ,且该沉淀不溶于过量氨水:

$$
{\mathrm{{Fe}}}^{3 + } + 3{\mathrm{{OH}}}^{ - } = \mathrm{{Fe}}{\left( \mathrm{{OH}}\right) }_{3} \downarrow
$$
","：要鉴别氧化铁（\(\mathrm{Fe}_2\mathrm{O}_3\)）和氧化铜（\(\mathrm{CuO}\)），可以使用它们的化学性质来进行区分。

1. \(\mathrm{Fe}_2\mathrm{O}_3\)和\(\mathrm{CuO}\)都是金属氧化物，但它们的物理和化学性质有所不同。
   
2. **颜色**：\(\mathrm{Fe}_2\mathrm{O}_3\)通常是红棕色，而\(\mathrm{CuO}\)是黑色。这一特性可以用作初步区分。

3. **反应性质**：
   - \(\mathrm{CuO}\)能与稀酸（如硫酸）反应生成蓝色的硫酸铜溶液，因为铜能与酸反应生成可溶性的盐：\[
   \mathrm{CuO} + \mathrm{H_2SO_4} \rightarrow \mathrm{CuSO_4} + \mathrm{H_2O}
   \]
   - \(\mathrm{Fe}_2\mathrm{O}_3\)也能与酸反应生成铁盐，但生成的铁盐溶液一般是黄色或浅绿色（氧化铁与氢离子的复杂性可影响颜色）。

4. **进一步鉴别**：可以进行还原反应，如在氢气流中加热，两者都能被还原，但生成的颜色不同，\(\mathrm{Fe}_2\mathrm{O}_3\)还原后生成铁单质，呈现灰色；\(\mathrm{CuO}\)还原后生成铜单质，呈现红色。

因此，通过颜色观察和与酸的反应，主要可以用来区分这两种化合物。",：使用颜色（\(\mathrm{Fe}_2\mathrm{O}_3\)为红棕色，\(\mathrm{CuO}\)为黑色）和酸反应（\(\mathrm{CuO}\)形成蓝色溶液）进行鉴别。,N/A,N/A,N/A
"如何在不引入杂质的情况下,将粗 ${\mathrm{{ZnSO}}}_{4}$ 溶液中含有的 ${\mathrm{{Fe}}}^{3 + },{\mathrm{{Fe}}}^{2 + },{\mathrm{{Cu}}}^{2 + }$ 杂质除去?","首先,向溶液中加入 $\mathrm{{Zn}}$ 粉,将 ${\mathrm{{Cu}}}^{2 + }$ 还原为 $\mathrm{{Cu}}$ 过滤除去:

$$
\mathrm{{Zn}} + {\mathrm{{Cu}}}^{2 + } = {\mathrm{{Zn}}}^{2 + } + \mathrm{{Cu}}
$$

然后,向滤液中加入 ${\mathrm{H}}_{2}{\mathrm{O}}_{2}$ ,将溶液中的 ${\mathrm{{Fe}}}^{2 + }$ 氧化为 ${\mathrm{{Fe}}}^{3 + }$ 。

$$
2{\mathrm{{Fe}}}^{2 + } + {\mathrm{H}}_{2}{\mathrm{O}}_{2} + 2{\mathrm{H}}^{ + } = 2{\mathrm{{Fe}}}^{3 + } + 2{\mathrm{H}}_{2}\mathrm{O}
$$

加入 $\mathrm{{ZnO}}$ 调节溶液的 $\mathrm{{pH}} = 4 \sim 5$ ,使 $\mathrm{{Fe}}{\left( \mathrm{{OH}}\right) }_{3}$ 沉淀完全,过滤除去。

最后,将滤液加热,将多余的 ${\mathrm{H}}_{2}{\mathrm{O}}_{2}$ 分解除去。","：  
要将粗 ${\mathrm{{ZnSO}}}_{4}$ 溶液中的杂质 ${\mathrm{{Fe}}}^{3+}$、${\mathrm{{Fe}}}^{2+}$ 和 ${\mathrm{{Cu}}}^{2+}$ 去除，需要分别根据这些离子的化学性质选择适当的步骤，并避免引入新的杂质：

1. **去除 ${\mathrm{{Fe}}}^{3+}$ 和部分 ${\mathrm{{Fe}}}^{2+}$**：  
   ${\mathrm{{Fe}}}^{3+}$ 是三价阳离子，常见的方法是通过加入碱性试剂（如氨水或氢氧化钠）使其生成难溶的 ${\mathrm{{Fe}}{(OH)}_{3}}$ 沉淀。同时，${\mathrm{{Fe}}}^{2+}$ 会部分被空气中的氧气氧化为 ${\mathrm{{Fe}}}^{3+}$，形成更多的 ${\mathrm{{Fe}}{(OH)}_{3}}$ 沉淀。${\mathrm{{Fe}}}^{2+}$ 不易直接沉淀，因此需要后续氧化处理。${\mathrm{{ZnSO}}}_{4}$ 溶液中的 ${\mathrm{{Zn}}}^{2+}$ 不会沉淀，因为其氢氧化物比 ${\mathrm{{Fe}}{(OH)}_{3}}$ 更难溶。

2. **完全去除 ${\mathrm{{Fe}}}^{2+}$**：  
   剩下的 ${\mathrm{{Fe}}}^{2+}$ 可以通过进一步氧化为 ${\mathrm{{Fe}}}^{3+}$ 并沉淀去除。例如，可以加入氧化剂（如过氧化氢 ${\mathrm{{H}}_{2}{\mathrm{{O}}}_{2}}$），将 ${\mathrm{{Fe}}}^{2+}$ 转化为 ${\mathrm{{Fe}}}^{3+}$ ，随后通过碱性条件下使其形成 ${\mathrm{{Fe}}{(OH)}_{3}}$ 沉淀。

3. **去除 ${\mathrm{{Cu}}}^{2+}$**：  
   ${\mathrm{{Cu}}}^{2+}$ 可以通过加入适量的硫化氢（${\mathrm{{H}}_{2}S}$）或可溶性硫化物（如硫化钠 ${\mathrm{{Na}}_{2}\mathrm{{S}}$））沉淀为硫化铜（${\mathrm{{CuS}}}$，黑色沉淀）。此过程不影响溶液中的 ${\mathrm{{Zn}}}^{2+}$，因为硫化锌的溶解度相比硫化铜高得多，因而不会沉淀。

4. **避免杂质引入**：  
   使用纯试剂（如挥发性 ${\mathrm{{H}}_{2}{\mathrm{{O}}}_{2}}$ 和过量 ${\mathrm{{H}}_{2}S}$ 逸出）可避免新杂质形成。沉淀过程应在精确控制的条件下完成，以确保分离完全。

综上，通过碱性沉淀、氧化处理和硫化物沉淀可以有效除去三种杂质，确保处理后的溶液中不含上述杂质。",：加入碱性试剂沉淀 ${\mathrm{{Fe}}}^{3+}$ 和部分 ${\mathrm{{Fe}}}^{2+}$，再氧化剩余 ${\mathrm{{Fe}}}^{2+}$ 为 ${\mathrm{{Fe}}}^{3+}$ 并沉淀，最后用硫化物沉淀 ${\mathrm{{Cu}}}^{2+}$。,N/A,N/A,N/A
